100
3 4225
6 1700001
6 0007401
6 0000001
0 1
4 11111
6 0000001
6 0000001
3 9004
5 400091
6 1212202
1 91
6 3941302
6 0800001
6 1111111
0 1
6 1900001
6 0032501
6 1122111
5 080906
6 2010111
1 41
1 01
4 11121
1 01
6 1121122
6 3004067
4 00102
1 09
6 1202221
6 0022001
2 001
4 21201
6 1180001
6 0346822
1 01
6 8000003
1 11
6 9999999
6 8332934
6 4000501
5 000001
2 401
0 1
6 0000001
6 2022111
6 6004001
5 934938
6 0000091
6 9302314
6 0000021
3 0097
4 08001
5 800601
3 4001
4 12012
6 0310001
1 67
6 0500001
6 0500001
5 110011
1 89
6 5050968
6 1202121
3 0901
1 01
6 6000001
6 0090001
0 1
6 7518791
6 0044001
6 4000302
4 00009
6 0620001
0 1
6 0000001
5 370001
0 8
6 3005001
6 8357802
6 0110002
3 1012
6 0006503
1 11
2 111
6 9306891
1 91
6 1120021
6 0002095
5 020011
6 0000001
4 01007
4 82503
6 5392605
1 81
4 50001
3 1211
0 5
6 2220201
6 9381731
